128 999
19 13
132 7
277 9
976 7
764 7
340 14
552 11
391 5
943 6
819 6
30 2
315 12
747 5
846 10
447 1
113 8
348 12
270 2
926 20
390 18
133 20
667 3
799 17
644 5
357 7
37 7
768 4
591 14
437 10
153 17
67 18
430 5
179 9
53 4
121 8
283 3
20 8
788 6
73 4
676 12
988 5
264 18
222 19
675 7
17 9
852 11
733 11
442 7
336 8
669 19
496 15
778 14
94 16
562 3
313 9
859 1
904 4
654 4
314 15
705 10
279 5
571 2
464 12
594 14
909 6
93 1
224 9
425 4
23 6
603 9
219 8
682 16
458 16
328 12
405 1
600 13
158 5
449 4
71 12
635 4
814 5
694 19
842 5
289 17
24 15
137 15
971 7
98 14
866 20
274 4
226 11
145 10
369 6
989 6
84 9
139 9
253 20
189 1
349 1
479 9
511 4
455 1
605 11
18 9
101 3
471 5
498 3
408 9
526 7
678 2
946 16
673 16
351 20
537 9
175 18
321 17
44 20
661 7
172 1
590 7
784 19
555 9
621 7
921 17
317 5
713 15
505 13
903 14
